%paste transtition matrix here
A = [0.000000000000000000e+00	1.305261137362040449e-20	5.575451804580241926e-44	1.197717220025238549e-25	8.077809828904905517e-37	7.775367963498853667e-45	2.754565962440837873e-29	9.933788235025846204e-17	3.570061431687417521e-34	1.174649879319679160e-23	2.971839288265917853e-26	2.928768601356141265e-27	4.186512626024911540e-16	3.899468046547995970e-25	1.370215379146710322e-01	1.117646060608686284e-53	8.753407685064271745e-04	8.192808957646268861e-34	1.324809700264157549e-15	8.613328218028379783e-30	1.498436076371026356e-22	1.385054934306921559e-01	5.373190059814464403e-01	7.226570383170875348e-32	3.197201701974334726e-17	1.222082380102699174e-14	1.862786219046697611e-01	1.888260242041675204e-40	2.064236783034345296e-47	1.929927232478720223e-41	1.409119540764900014e-53	0.000000000000000000e+00
0.000000000000000000e+00	1.073878366825271653e-10	9.353750492970490382e-02	1.917395534943788581e-05	9.406915070405714508e-07	5.379344120778073119e-08	3.247215441328294419e-10	9.930429538953296015e-10	1.151725808120244102e-15	3.519415080841600599e-08	7.102228294502278549e-01	7.218300086013605460e-10	3.922651956696667289e-03	7.044989085048926347e-02	2.262862339317164748e-13	9.086921775321494199e-12	7.705477983800491926e-02	6.924341697138423327e-08	5.408909323491694346e-09	4.860406981174976698e-11	1.576062576536919547e-10	4.018829794845468982e-17	2.656855703465290984e-21	3.694725128571373016e-07	1.795580885681670103e-08	2.862018137592044454e-10	1.215656175432261229e-16	1.159355743911855138e-08	8.075900897375397767e-09	4.479165494161194139e-02	3.121438307195562013e-16	1.268236332225987532e-16
0.000000000000000000e+00	3.052234770282603843e-10	1.200943371962689965e-02	4.082252103403911808e-14	2.332480252445503927e-09	1.159626810699470825e-08	6.379054853649764913e-03	1.435336849245213921e-04	2.662151766488975981e-14	2.003216422653723093e-07	1.857869477058782619e-18	5.024309976795167487e-23	1.596010789721704137e-09	3.502923550760080581e-09	1.211362601032363915e-21	2.230440785635118359e-03	2.123690240725530016e-25	4.910764868517534608e-08	4.633593794592507537e-10	2.383366335154887480e-02	8.659375986194781907e-14	6.727886004337194653e-14	3.980246024757199082e-25	5.601021618905621895e-06	2.646855288077496062e-11	5.714322198410535612e-07	2.285777398936065124e-11	1.806227785957145714e-11	1.684887667446230647e-04	6.750286671978659003e-12	9.552289430797624714e-01	4.352914407397252049e-12
0.000000000000000000e+00	1.388811798138517392e-10	2.555705186379374954e-07	1.210042198882650081e-05	8.418216259851578689e-03	3.646783856319056355e-11	8.143445137370949990e-11	1.328674727606592997e-08	4.967149865775767872e-16	1.048911494897030387e-05	8.041444718259347532e-10	4.287553505313880452e-25	2.600445301812737697e-01	1.004018160866142380e-02	3.179828013934383619e-16	1.140546275506815754e-01	6.264250866613453087e-15	6.001282705651513893e-01	1.143238769676955618e-12	2.064845319193062054e-13	2.280015128843553755e-04	1.883087057322630638e-22	5.316257724207841313e-25	4.339117595964526834e-03	4.587201060392192186e-17	2.724107641393886271e-03	1.154310373184110288e-09	8.286155191512716130e-16	6.175912432688005018e-08	1.792824053122388506e-10	2.443209337296879306e-08	1.028375385660761967e-10
0.000000000000000000e+00	4.550351024230999374e-03	4.575583083718225349e-09	1.306736142257932572e-08	1.265284889462426405e-05	1.170718412654466757e-07	1.451646688968340589e-12	2.834189744531362010e-14	2.402522301745390054e-01	6.150027715831661860e-12	6.165751548974589796e-19	5.365850452246497547e-14	1.388791876797401533e-09	3.236249348192117570e-02	5.726135654536073802e-20	3.559413718793549841e-01	9.910814654740773749e-12	1.362740746343880740e-09	5.305409396336958771e-15	1.319883553926428557e-15	4.275976781118312444e-11	4.251291280613067205e-29	5.744368147985104885e-38	2.260335288564936071e-10	5.022983054615183461e-16	6.251237468007948819e-10	1.741050178564937281e-11	2.933963877724861343e-12	3.667984552100031492e-01	1.710420789500348492e-07	8.213229292990879664e-05	3.647865525514081954e-09
0.000000000000000000e+00	1.922425872698716939e-02	2.101924553832310374e-02	5.455904375164047099e-04	3.991726368958110616e-01	1.778973086690827197e-04	1.381313707734038019e-09	1.759439659250893983e-07	5.884217380530580667e-07	3.056525575338532238e-02	2.690598869169030613e-12	3.754096386432831851e-22	5.034717718996099768e-05	1.060864186596289539e-03	7.238984985220013602e-03	2.050165708883467635e-06	2.090999406941039161e-15	3.072302701628514821e-01	1.242490470433632709e-08	2.562064551876044331e-09	1.931825892543532438e-10	1.809573420931911097e-13	6.729289657527201146e-14	1.484607098228614940e-02	3.563966447023724397e-16	1.285478608086753207e-08	4.472103870581108905e-23	3.156339776377368538e-10	1.915454223429700065e-01	1.093709261302715091e-10	9.155519888401599990e-05	7.228755927698687737e-03
0.000000000000000000e+00	2.069303831776917103e-07	5.570786887946795746e-02	5.376521493704273201e-03	2.920234165638634777e-02	2.134263571619044657e-10	9.342813000592503057e-11	5.257279831272807652e-03	1.346305096863577963e-11	3.649654958577799174e-02	2.015906609889546452e-02	1.880794731164231958e-27	1.046452088925219204e-07	1.012097368457776846e-04	9.359218281187036206e-03	2.125095624954551621e-01	1.635203665239842346e-12	2.019509746110102061e-02	1.147866272537026791e-02	7.315425271445596760e-05	3.817051568437338457e-08	8.167687036085017446e-40	1.205601333432197731e-48	5.748678397659411354e-01	1.490445522557491513e-02	1.298942859604837298e-10	4.301959214690537214e-03	4.420926376332194370e-10	8.024811096244003334e-06	3.992271860883460866e-10	4.447898601018923688e-07	3.926553856871017033e-07
0.000000000000000000e+00	3.205548907113294210e-01	7.750218349247635480e-06	1.182720487336850446e-05	5.825534663482555611e-15	3.756260820954194363e-03	9.245421104734455708e-12	3.917080665933907191e-02	3.512607406040000860e-15	1.107684177811977533e-01	3.007330101662377253e-09	1.277608237370877683e-02	2.959068066415131018e-06	1.516871856826062237e-01	3.273845277602589429e-13	9.643867251129948943e-21	4.057417836166690717e-02	4.119096061378577387e-13	1.314286960236880767e-10	1.098364539717095470e-07	2.298057277622174917e-06	1.878564825279730660e-07	9.412753965427609605e-12	3.340299251166317651e-02	4.492037413412463277e-09	2.872840452055044902e-01	1.158939288708761984e-16	1.572319930264828213e-13	1.651855739072200142e-13	1.194184550495410151e-15	3.496496645932022823e-25	2.514955422304398030e-27
0.000000000000000000e+00	1.297679699293239226e-22	4.988126987815855173e-02	3.075327747178107113e-14	1.616817501607607788e-01	2.328337281204909365e-12	2.694512224246002341e-01	6.557533881438792512e-12	1.574415094718913916e-11	1.205240605093395476e-06	2.243244498623285885e-16	2.155165499790688498e-17	3.158608491723892409e-02	4.249231171893769199e-02	4.259760603831679732e-02	2.126107335317367478e-04	6.381068251850683565e-06	7.186100822460067886e-03	5.298575116700646134e-13	1.602059643064795980e-02	7.967943334744633694e-17	3.741724529308110718e-11	8.553609606733848269e-15	1.546963950571585199e-04	3.531131864518977900e-11	3.653060132231151985e-13	1.900589109643633134e-10	3.371508313992700456e-01	4.147259430026309368e-02	3.675726339208473265e-09	1.047343773586183153e-04	1.304623439501089280e-10
